N	X	T
0	0	0.1198
1	1	0.2097
2	2	0.3239
2	3	0.4266
3	4	0.5147
3	5	0.6025
3	6	0.71
3	7	0.8087
4	8	0.9164
4	9	1.0143
4	10	1.1223
4	11	1.2359
4	12	1.3609
4	13	1.4832
4	14	2.4765
4	15	2.592
5	16	2.7342
5	17	2.8757
5	18	3.0087
5	19	3.148
5	20	3.3039
5	21	3.4486
5	22	3.6026
5	23	3.8754
5	24	4.1349
5	25	4.2998
5	26	4.4846
5	27	4.6561
5	28	4.8273
5	29	4.9654
5	30	5.2154
5	31	5.4642
6	32	5.7201
6	33	5.9659
6	34	6.2329
6	35	6.5045
6	36	6.7738
6	37	7.0292
6	38	7.2569
6	39	7.5047
6	40	7.7422
6	41	8.0286
6	42	8.2747
6	43	8.5461
6	44	8.7828
6	45	9.0255
