N	X	T
0	0	0.0191
1	1	0.0372
2	2	0.0899
2	3	0.1552
3	4	0.2435
3	5	0.351
3	6	0.4817
3	7	0.6362
4	8	0.8148
4	9	1.0146
4	10	1.2388
4	11	1.4861
4	12	1.7583
4	13	2.0531
4	14	2.3736
4	15	2.8005
5	16	3.1805
5	17	3.5689
5	18	4.0052
5	19	4.4408
5	20	4.9033
5	21	5.3904
5	22	5.9107
5	23	6.4493
5	24	7.009
5	25	7.5941
5	26	8.2031
5	27	8.8369
5	28	9.4961
5	29	10.1797
5	30	10.8966
5	31	11.6914
6	32	12.4469
6	33	13.3425
6	34	14.1512
6	35	14.9842
6	36	15.8426
6	37	16.7263
6	38	17.6384
6	39	18.5756
6	40	19.5529
6	41	20.5787
6	42	21.5917
6	43	22.6293
6	44	23.6999
6	45	24.799
6	46	26.0233
6	47	27.1855
6	48	28.3762
6	49	29.7119
6	50	30.9388
6	51	32.1984
6	52	33.5027
6	53	34.8102
6	54	36.1434
6	55	37.5096
6	56	38.9018
6	57	40.326
6	58	41.765
6	59	43.2394
6	60	44.7421
6	61	46.2724
6	62	47.8305
6	63	49.4155
7	64	51.0285
7	65	52.6707
7	66	54.3458
7	67	56.0553
7	68	57.7845
7	69	59.5539
7	70	61.348
7	71	63.1715
7	72	65.1486
7	73	67.1473
7	74	69.0655
7	75	71.0129
7	76	73.0225
7	77	75.0953
7	78	77.1667
7	79	79.3093
7	80	81.4711
7	81	83.6474
7	82	85.8667
7	83	88.2265
7	84	90.5125
7	85	92.9095
7	86	95.2885
7	87	97.703
7	88	100.114
7	89	102.623
7	90	105.119
7	91	107.639
7	92	110.262
7	93	112.87
7	94	115.561
7	95	118.249
7	96	121.036
7	97	123.831
7	98	126.653
7	99	129.523
7	100	132.421
