N	X	T
0	0	0.0245
1	1	0.7445
2	2	1.7501
2	3	3.1094
3	4	4.5002
3	5	6.2472
3	6	7.9961
3	7	10.1139
4	8	11.9468
4	9	14.1884
4	10	16.4138
4	11	19.0235
4	12	21.2633
4	13	24.2272
4	14	26.8982
4	15	29.9317
5	16	32.5933
5	17	35.41
5	18	38.2453
5	19	41.4452
5	20	44.5784
5	21	47.8389
5	22	51.1099
5	23	54.7472
5	24	57.6806
5	25	60.962
5	26	64.2789
5	27	67.9474
5	28	71.294
5	29	75.0229
5	30	78.8027
5	31	83.0411
6	32	86.37
6	33	90.3774
6	34	94.2457
6	35	98.6294
6	36	102.516
6	37	106.768
6	38	111.066
6	39	115.767
6	40	119.959
6	41	124.305
6	42	128.66
6	43	133.567
6	44	138.121
6	45	143.391
6	46	148.389
6	47	153.658
6	48	157.753
6	49	162.666
6	50	167.244
6	51	172.65
6	52	177.314
6	53	182.373
6	54	187.405
6	55	192.883
6	56	197.791
6	57	202.865
6	58	208.094
6	59	213.688
6	60	218.945
6	61	224.734
6	62	230.504
6	63	236.661
7	64	242.075
7	65	248.245
7	66	254.712
7	67	261.213
7	68	267.326
7	69	273.916
7	70	281.037
7	71	288.334
7	72	294.661
7	73	301.502
7	74	308.424
7	75	315.727
7	76	322.75
7	77	329.967
7	78	337.211
7	79	345.693
7	80	352.261
7	81	359.693
7	82	366.754
7	83	375.267
7	84	382.364
7	85	389.964
7	86	397.617
7	87	405.486
7	88	413.009
7	89	420.645
7	90	428.434
7	91	436.694
7	92	444.459
7	93	452.642
7	94	461.079
7	95	469.656
7	96	476.663
7	97	484.036
7	98	491.693
7	99	499.929
7	100	507.709
7	101	515.549
7	102	523.835
7	103	532.543
7	104	540.478
7	105	549.515
7	106	557.645
7	107	566.317
7	108	574.532
7	109	583.351
7	110	592.224
7	111	601.64
7	112	609.702
7	113	618.492
7	114	626.873
7	115	636.13
7	116	644.631
7	117	653.417
7	118	662.356
7	119	671.928
7	120	680.678
7	121	690.086
7	122	699.81
7	123	709.642
7	124	719.386
7	125	729.347
7	126	739.282
7	127	749.831
8	128	761.087
8	129	773.113
8	130	785.298
8	131	798.219
8	132	810.919
8	133	823.565
8	134	836.496
8	135	849.815
8	136	862.399
8	137	876.343
8	138	889.384
8	139	902.632
8	140	915.594
8	141	929.047
8	142	942.69
8	143	956.456
8	144	969.159
8	145	982.414
8	146	995.583
8	147	1008.98
8	148	1022.53
8	149	1036.14
8	150	1049.93
8	151	1064.3
8	152	1077.9
8	153	1091.69
8	154	1105.57
8	155	1119.77
8	156	1133.67
8	157	1148.1
8	158	1162.8
8	159	1177.65
8	160	1190.89
8	161	1204.64
8	162	1218.63
8	163	1232.77
8	164	1246.72
8	165	1261.08
8	166	1275.81
8	167	1290.98
8	168	1305.33
8	169	1320.58
8	170	1335.17
8	171	1350.39
8	172	1365.23
8	173	1380.42
8	174	1395.52
8	175	1411.31
8	176	1425.89
8	177	1440.79
8	178	1455.72
8	179	1471.32
8	180	1486.55
8	181	1502.24
8	182	1518.01
8	183	1534.3
8	184	1549.67
8	185	1565.36
8	186	1581.23
8	187	1597.6
8	188	1613.44
8	189	1629.65
8	190	1646.33
8	191	1663.2
8	192	1677.58
8	193	1692.7
8	194	1707.93
8	195	1723.24
8	196	1738.52
8	197	1753.99
8	198	1769.71
8	199	1785.77
8	200	1801.21
8	201	1817.07
8	202	1833.29
8	203	1849.78
8	204	1866.09
8	205	1882.65
8	206	1899.38
8	207	1916.49
8	208	1932.54
8	209	1949.34
8	210	1965.95
8	211	1983.1
8	212	1999.82
8	213	2016.84
8	214	2034.17
8	215	2051.56
8	216	2068.51
8	217	2086.25
8	218	2103.77
8	219	2121.89
8	220	2139.74
8	221	2157.63
8	222	2175.56
8	223	2194.08
8	224	2210.92
8	225	2228.34
8	226	2245.85
8	227	2263.58
8	228	2281.12
8	229	2298.97
8	230	2317.16
8	231	2335.81
8	232	2353.66
8	233	2371.72
8	234	2390.05
8	235	2408.92
8	236	2427.73
8	237	2446.83
8	238	2465.74
8	239	2485.57
8	240	2503.93
8	241	2522.97
8	242	2542.3
8	243	2561.67
8	244	2580.83
8	245	2600.68
8	246	2620.35
8	247	2640.71
8	248	2660.08
8	249	2680.07
8	250	2700.18
8	251	2720.56
8	252	2740.67
8	253	2761.38
8	254	2781.78
8	255	2802.7
9	256	2830.7
9	257	2860.78
9	258	2891.41
9	259	2922.07
9	260	2952.57
9	261	2983.59
9	262	3014.5
9	263	3045.56
9	264	3076.23
9	265	3107.7
9	266	3139.19
9	267	3171
9	268	3202.23
9	269	3234.29
9	270	3266.44
9	271	3298.72
9	272	3329.68
9	273	3361.37
9	274	3393.12
9	275	3425.39
9	276	3457.2
9	277	3489.55
9	278	3522.18
9	279	3554.89
9	280	3587.01
9	281	3619.41
9	282	3652.22
9	283	3685.31
9	284	3718.04
9	285	3751.15
9	286	3784.38
9	287	3818.08
9	288	3850.2
9	289	3883.28
9	290	3916
9	291	3950.06
9	292	3989.15
9	293	4023.24
9	294	4056.91
9	295	4090.8
9	296	4124.17
9	297	4157.73
9	298	4191.55
9	299	4225.83
9	300	4261.45
9	301	4296.03
9	302	4330.57
9	303	4365.56
9	304	4399.59
9	305	4433.72
9	306	4468.15
9	307	4503
9	308	4537.39
9	309	4572.45
9	310	4607.41
9	311	4642.86
9	312	4677.76
9	313	4712.93
9	314	4748.18
9	315	4783.76
9	316	4819.01
9	317	4855.15
9	318	4891.3
9	319	4927.74
9	320	4961.91
9	321	4996.92
9	322	5031.69
9	323	5067.01
9	324	5101.98
9	325	5137.54
9	326	5173.14
9	327	5209.04
9	328	5244.26
9	329	5280.25
9	330	5316.31
9	331	5352.9
9	332	5389.46
9	333	5426.22
9	334	5463.04
9	335	5500.34
9	336	5536.23
9	337	5572.9
9	338	5609.59
9	339	5646.58
9	340	5683.64
9	341	5721.09
9	342	5758.4
9	343	5796.52
9	344	5833.87
9	345	5871.66
9	346	5909.41
9	347	5947.7
9	348	5985.82
9	349	6024.49
9	350	6063.29
9	351	6102.38
9	352	6139.83
9	353	6177.81
9	354	6215.95
9	355	6254.41
9	356	6292.93
9	357	6331.68
9	358	6370.55
9	359	6409.72
9	360	6448.59
9	361	6487.63
9	362	6526.86
9	363	6566.57
9	364	6606.08
9	365	6646.18
9	366	6686.11
9	367	6726.42
9	368	6765.66
9	369	6805.75
9	370	6846.04
9	371	6886.76
9	372	6927.31
9	373	6967.77
9	374	7008.58
9	375	7049.76
9	376	7090.35
9	377	7131.55
9	378	7173.05
9	379	7214.82
9	380	7256.21
9	381	7298.39
9	382	7340.46
9	383	7382.92
9	384	7421.12
9	385	7460.2
9	386	7499.72
9	387	7539.75
9	388	7579.14
9	389	7619.13
9	390	7659.17
9	391	7699.68
9	392	7739.63
9	393	7780.2
9	394	7820.81
9	395	7861.73
9	396	7902.33
9	397	7943.32
9	398	7984.72
9	399	8026.52
9	400	8067.16
9	401	8108.44
9	402	8149.6
9	403	8191.12
9	404	8232.62
9	405	8274.46
9	406	8316.55
9	407	8358.97
9	408	8401.22
9	409	8443.55
9	410	8485.92
9	411	8529.02
9	412	8572.13
9	413	8615.39
9	414	8659.04
9	415	8702.65
9	416	8744.82
9	417	8787.64
9	418	8830.65
9	419	8873.85
9	420	8916.97
9	421	8960.54
9	422	9004.34
9	423	9048.69
9	424	9092.27
9	425	9136.44
9	426	9180.46
9	427	9225.01
9	428	9269.25
9	429	9314.06
9	430	9358.94
9	431	9404.09
9	432	9448.37
9	433	9493.21
9	434	9538.16
9	435	9583.62
9	436	9628.98
9	437	9674.55
9	438	9720.29
9	439	9766.63
9	440	9812.26
9	441	9858.65
9	442	9904.67
9	443	9951.24
9	444	9997.67
9	445	10044.6
9	446	10091.7
9	447	10139
9	448	10184
9	449	10230
9	450	10275.9
9	451	10322.6
9	452	10368.7
9	453	10415.4
9	454	10462.3
9	455	10509.8
9	456	10556.6
9	457	10603.8
9	458	10651.2
9	459	10699.3
9	460	10746.9
9	461	10795
9	462	10843.2
9	463	10891.9
9	464	10939.5
9	465	10987.6
9	466	11036.3
9	467	11085.5
9	468	11133.8
9	469	11182.8
9	470	11231.7
9	471	11281.5
9	472	11330.4
9	473	11380.1
9	474	11429.6
9	475	11479.8
9	476	11529.4
9	477	11580.2
9	478	11630.8
9	479	11682.1
9	480	11731.5
9	481	11782.1
9	482	11832.2
9	483	11882.7
9	484	11933.3
9	485	11984.2
9	486	12035.4
9	487	12087.2
9	488	12138.4
9	489	12190.1
9	490	12241.9
9	491	12294.2
9	492	12345.8
9	493	12398.1
9	494	12450.5
9	495	12503.4
9	496	12555.2
9	497	12608
9	498	12661
9	499	12714
9	500	12767
9	501	12820.6
9	502	12874.3
9	503	12928.3
9	504	12981.5
9	505	13035.4
9	506	13089.1
9	507	13144
9	508	13198.2
9	509	13255.3
9	510	13310.4
9	511	13365.8
10	512	13455.2
10	513	13547.2
10	514	13640
10	515	13733.1
10	516	13825.8
10	517	13919
10	518	14012.4
10	519	14106.2
10	520	14200
10	521	14294
10	522	14388.1
10	523	14482.7
10	524	14576.9
10	525	14671.9
10	526	14766.7
10	527	14861.7
10	528	14955.9
10	529	15050.6
10	530	15145.4
10	531	15240.6
10	532	15335.9
10	533	15431.4
10	534	15527
10	535	15623.6
10	536	15719.3
10	537	15815.3
10	538	15911.4
10	539	16010.1
10	540	16107.5
10	541	16204.3
10	542	16301.2
10	543	16398.9
10	544	16494.8
10	545	16591.4
10	546	16688.1
10	547	16785.2
10	548	16882.1
10	549	16979.5
10	550	17077.1
10	551	17175.3
10	552	17272.8
10	553	17372.4
10	554	17471.4
10	555	17570.2
10	556	17668.6
10	557	17767.8
10	558	17867
10	559	17966.4
10	560	18064.8
10	561	18163.5
10	562	18262.7
10	563	18362.4
10	564	18463.3
10	565	18563
10	566	18663
10	567	18763.2
10	568	18863.2
10	569	18963.5
10	570	19063.9
10	571	19164.6
10	572	19265.4
10	573	19368.1
10	574	19472.6
10	575	19574.5
10	576	19674.2
10	577	19774.6
10	578	19875.2
10	579	19978
10	580	20078.8
10	581	20179.8
10	582	20281.2
10	583	20382.9
10	584	20484
10	585	20585.7
10	586	20687.9
10	587	20790.6
10	588	20893.2
10	589	20996
10	590	21099.3
10	591	21202.7
10	592	21305.4
10	593	21408.6
10	594	21511.6
10	595	21615.1
10	596	21718.7
10	597	21822.8
10	598	21927
10	599	22031.7
10	600	22136.1
10	601	22241.2
10	602	22346.6
10	603	22452
10	604	22556.9
10	605	22664.6
10	606	22770.6
10	607	22877
10	608	22981.6
10	609	23086.9
10	610	23192.3
10	611	23298.8
10	612	23404.5
10	613	23510.7
10	614	23617
10	615	23724
10	616	23830.4
10	617	23937.8
10	618	24045
10	619	24152.7
10	620	24260.1
10	621	24367.9
10	622	24476.5
10	623	24586.4
10	624	24694.1
10	625	24802.7
10	626	24911.9
10	627	25020.6
10	628	25129.5
10	629	25238.8
10	630	25349.6
10	631	25460
10	632	25571.9
10	633	25682.8
10	634	25793.9
10	635	25905
10	636	26015.4
10	637	26127.4
10	638	26238.2
10	639	26356.5
10	640	26463.7
10	641	26572
10	642	26680.5
10	643	26789.4
10	644	26898.5
10	645	27008.6
10	646	27118.2
10	647	27228.2
10	648	27337.8
10	649	27447.9
10	650	27558.3
10	651	27668.6
10	652	27779.9
10	653	27893.2
10	654	28005.5
10	655	28118.2
10	656	28229.3
10	657	28341.4
10	658	28453.9
10	659	28565.9
10	660	28679.5
10	661	28791.8
10	662	28904.1
10	663	29017.4
10	664	29129.5
10	665	29242
10	666	29356.8
10	667	29470.2
10	668	29583.6
10	669	29697.2
10	670	29811.8
10	671	29926.1
10	672	30039.2
10	673	30152.5
10	674	30265.9
10	675	30379.8
10	676	30493.5
10	677	30608.2
10	678	30722.8
10	679	30838.1
10	680	30952.9
10	681	31068.4
10	682	31184.1
10	683	31300.2
10	684	31416.1
10	685	31532.4
10	686	31648.8
10	687	31765.9
10	688	31881.6
10	689	31998.3
10	690	32115.2
10	691	32232.6
10	692	32349.7
10	693	32467.1
10	694	32584.4
10	695	32702.5
10	696	32820.8
10	697	32939.7
10	698	33058.7
10	699	33177.7
10	700	33297.7
10	701	33417
10	702	33536.5
10	703	33656.4
10	704	33773.8
10	705	33893.4
10	706	34014.5
10	707	34135.7
10	708	34255.2
10	709	34375.1
10	710	34495.2
10	711	34615.8
10	712	34735.8
10	713	34856.1
10	714	34976.6
10	715	35097.8
10	716	35219.1
10	717	35341
10	718	35462.5
10	719	35584.8
10	720	35706
10	721	35827.7
10	722	35949.6
10	723	36072.1
10	724	36194.1
10	725	36317.4
10	726	36440.1
10	727	36563.5
10	728	36686.4
10	729	36810.1
10	730	36933.9
10	731	37058
10	732	37182.1
10	733	37307.1
10	734	37434.1
10	735	37559.8
10	736	37683.5
10	737	37808
10	738	37932.7
10	739	38057.9
10	740	38182.7
10	741	38308
10	742	38433.2
10	743	38559.1
10	744	38684.5
10	745	38810.7
10	746	38937
10	747	39063.9
10	748	39192.1
10	749	39320.4
10	750	39447.9
10	751	39575.9
10	752	39702.6
10	753	39830.3
10	754	39958.9
10	755	40087
10	756	40215
10	757	40344
10	758	40472.9
10	759	40602.1
10	760	40730.9
10	761	40860.1
10	762	40989.2
10	763	41118.9
10	764	41249
10	765	41379.3
10	766	41509.7
10	767	41640.8
10	768	41762.3
10	769	41886
10	770	42009.9
10	771	42134.3
10	772	42258.6
10	773	42383.3
10	774	42508.1
10	775	42633.8
10	776	42758.5
10	777	42884
10	778	43009.9
10	779	43136.1
10	780	43262.2
10	781	43388.6
10	782	43515.8
10	783	43643
10	784	43769.1
10	785	43896
10	786	44023.3
10	787	44151.2
10	788	44279
10	789	44407.3
10	790	44535.6
10	791	44665.2
10	792	44793.7
10	793	44922.9
10	794	45052.4
10	795	45182
10	796	45312.6
10	797	45442.9
10	798	45573
10	799	45704.7
10	800	45833.7
10	801	45964
10	802	46095.2
10	803	46226
10	804	46356.9
10	805	46490.4
10	806	46621.5
10	807	46753.3
10	808	46884.6
10	809	47016.5
10	810	47148.7
10	811	47281.7
10	812	47413.9
10	813	47547
10	814	47680.2
10	815	47813.7
10	816	47947.4
10	817	48080.6
10	818	48214.4
10	819	48348.5
10	820	48482.5
10	821	48619
10	822	48753.9
10	823	48889.1
10	824	49023.3
10	825	49158.7
10	826	49294.7
10	827	49430.6
10	828	49566.5
10	829	49703
10	830	49839.4
10	831	49976.5
10	832	50110.9
10	833	50246.2
10	834	50381.9
10	835	50517.9
10	836	50653.7
10	837	50790.2
10	838	50926.9
10	839	51064.3
10	840	51201.4
10	841	51339.4
10	842	51477.7
10	843	51616
10	844	51754.6
10	845	51893.4
10	846	52034.3
10	847	52174.2
10	848	52313.2
10	849	52452.2
10	850	52592
10	851	52732.1
10	852	52871.8
10	853	53012.5
10	854	53153.6
10	855	53294.9
10	856	53435.5
10	857	53576.4
10	858	53717.4
10	859	53859.3
10	860	54001.1
10	861	54143.1
10	862	54285.4
10	863	54428
10	864	54569.3
10	865	54711.1
10	866	54853.6
10	867	54996.5
10	868	55139
10	869	55282.3
10	870	55425.7
10	871	55569.4
10	872	55712.7
10	873	55856.8
10	874	56001.4
10	875	56146.4
10	876	56292.7
10	877	56438
10	878	56583.5
10	879	56729.6
10	880	56874.8
10	881	57020.5
10	882	57166.3
10	883	57312.7
10	884	57459.2
10	885	57606.1
10	886	57753
10	887	57900.7
10	888	58048.5
10	889	58196.7
10	890	58344.7
10	891	58493.4
10	892	58641.8
10	893	58790.8
10	894	58940.9
10	895	59091.2
10	896	59237.5
10	897	59384.9
10	898	59532.9
10	899	59681.8
10	900	59829.6
10	901	59979
10	902	60131.5
10	903	60288.1
10	904	60437.3
10	905	60586.6
10	906	60736.1
10	907	60885.8
10	908	61035.9
10	909	61185.7
10	910	61336.2
10	911	61486.9
10	912	61636.7
10	913	61787.2
10	914	61938
10	915	62089.6
10	916	62240.9
10	917	62392.5
10	918	62544.1
10	919	62696.4
10	920	62848.3
10	921	63001
10	922	63153.8
10	923	63307.5
10	924	63460.6
10	925	63614.4
10	926	63768.6
10	927	63923.5
10	928	64076.7
10	929	64230.7
10	930	64385.2
10	931	64539.8
10	932	64697.2
10	933	64852.6
10	934	65008.1
10	935	65164.8
10	936	65322
10	937	65479
10	938	65636.8
10	939	65796
10	940	65953.6
10	941	66111.4
10	942	66269
10	943	66427.2
10	944	66584.3
10	945	66744.6
10	946	66903.3
10	947	67063.1
10	948	67222
10	949	67380.8
10	950	67540
10	951	67699.9
10	952	67859.2
10	953	68019.6
10	954	68180.3
10	955	68341
10	956	68503.2
10	957	68664.5
10	958	68825.8
10	959	68987.9
10	960	69147.3
10	961	69308
10	962	69468.9
10	963	69630.1
10	964	69791.1
10	965	69953.3
10	966	70115.3
10	967	70278
10	968	70440.2
10	969	70602.7
10	970	70765.8
10	971	70929.6
10	972	71093
10	973	71257.1
10	974	71421.3
10	975	71586.6
10	976	71751
10	977	71915.6
10	978	72080.7
10	979	72246.2
10	980	72411.6
10	981	72577.8
10	982	72744.1
10	983	72910.8
10	984	73077.1
10	985	73244
10	986	73410.8
10	987	73578.3
10	988	73745.8
10	989	73914.1
10	990	74082.4
10	991	74251.4
10	992	74418.9
10	993	74587
10	994	74755.5
10	995	74924.6
10	996	75093.6
10	997	75263.1
10	998	75432.9
10	999	75603.3
10	1000	75773.3
