N	X	T
0	0	0.0186
1	1	0.0605
2	2	0.1286
2	3	0.2184
3	4	0.343
3	5	0.4774
3	6	0.6336
3	7	0.8132
4	8	1.0176
4	9	1.2496
4	10	1.5004
4	11	1.7782
4	12	2.0794
4	13	2.4005
4	14	2.7649
4	15	3.1371
5	16	3.5563
5	17	3.9694
5	18	4.5167
5	19	4.9905
5	20	5.4805
5	21	6.0046
5	22	6.5419
5	23	7.1189
5	24	7.7182
5	25	8.3443
5	26	8.9879
5	27	9.6633
5	28	10.3601
5	29	11.0835
5	30	11.8414
5	31	12.6478
6	32	13.474
6	33	14.332
6	34	15.1897
6	35	16.0769
6	36	16.9901
6	37	17.9307
6	38	18.8947
6	39	19.88
6	40	20.9068
6	41	22.1085
6	42	23.2638
6	43	24.3641
6	44	25.4756
6	45	26.6196
6	46	27.9682
6	47	29.1838
6	48	30.4158
6	49	31.7353
6	50	33.029
6	51	34.3351
6	52	35.7157
6	53	37.0676
6	54	38.451
6	55	39.8608
6	56	41.2994
6	57	42.8592
6	58	44.3581
6	59	46.0151
6	60	47.5891
6	61	49.1794
6	62	50.8371
6	63	52.4924
7	64	54.1621
7	65	55.8648
7	66	57.5859
7	67	59.427
7	68	61.2155
7	69	63.0243
7	70	64.8576
7	71	66.7235
7	72	68.6167
7	73	70.5621
7	74	72.6442
7	75	74.6954
7	76	76.7393
7	77	78.8176
7	78	80.9459
7	79	83.1144
7	80	85.3347
7	81	87.5645
7	82	90.0279
7	83	92.3929
7	84	94.7407
7	85	97.1737
7	86	99.7253
7	87	102.156
7	88	104.633
7	89	107.306
7	90	109.875
7	91	112.476
7	92	115.109
