N	X	T
0	0	0.0424
1	1	0.0815
2	2	0.1579
2	3	0.2696
3	4	0.4215
3	5	0.6301
3	6	0.8673
3	7	1.1439
4	8	1.4642
4	9	1.8218
4	10	2.2484
4	11	2.696
4	12	3.2019
4	13	3.7419
4	14	4.3154
4	15	5.0145
5	16	5.7024
5	17	6.4226
5	18	7.1768
5	19	7.992
5	20	8.8471
5	21	9.7347
5	22	10.6908
5	23	11.6928
5	24	12.7376
5	25	13.803
5	26	14.9349
5	27	16.1026
5	28	17.3088
5	29	18.5779
5	30	20.1664
5	31	21.6755
6	32	23.3447
6	33	24.8194
6	34	26.294
6	35	27.8165
6	36	29.4088
6	37	31.049
6	38	32.7291
6	39	34.4442
6	40	36.2112
6	41	38.0481
6	42	39.9195
6	43	41.8324
6	44	43.8699
6	45	45.8701
6	46	47.9223
6	47	50.0135
6	48	52.1783
6	49	54.4046
6	50	56.648
6	51	59.0403
6	52	61.3818
6	53	63.8091
6	54	66.2506
6	55	68.7508
6	56	71.2948
6	57	74.1035
6	58	76.8957
6	59	79.6181
6	60	82.3815
6	61	85.244
6	62	88.1951
6	63	91.0914
7	64	94.0181
7	65	96.9908
7	66	100.246
7	67	103.443
7	68	106.608
7	69	109.836
7	70	113.106
7	71	116.418
7	72	119.827
7	73	123.392
7	74	126.85
7	75	130.406
7	76	134.164
7	77	137.855
7	78	141.563
7	79	145.375
7	80	149.344
7	81	153.206
7	82	157.209
7	83	161.269
7	84	165.399
7	85	169.554
7	86	174.119
7	87	178.41
7	88	183.744
7	89	188.226
7	90	192.704
7	91	197.323
7	92	201.917
7	93	206.651
7	94	211.411
7	95	216.211
7	96	221.109
7	97	226.032
7	98	230.985
7	99	236.113
7	100	241.196
7	101	246.394
7	102	251.637
7	103	256.946
7	104	262.292
7	105	267.777
7	106	273.413
7	107	278.96
7	108	284.74
7	109	290.508
7	110	296.517
7	111	302.36
7	112	308.273
7	113	314.199
7	114	320.219
7	115	326.445
7	116	333.05
7	117	339.436
7	118	345.686
7	119	352.406
7	120	358.859
7	121	365.361
7	122	372.037
7	123	378.889
7	124	385.903
7	125	392.908
7	126	399.923
7	127	407.151
8	128	414.243
8	129	421.551
8	130	428.917
8	131	436.393
8	132	443.892
8	133	451.367
8	134	458.895
8	135	466.53
8	136	474.458
8	137	482.023
8	138	489.904
8	139	497.567
8	140	505.357
8	141	513.422
8	142	521.369
8	143	529.491
8	144	537.737
8	145	545.987
8	146	554.377
8	147	562.805
8	148	571.448
8	149	580.123
8	150	588.669
8	151	597.445
8	152	606.466
8	153	615.486
8	154	624.781
8	155	633.794
8	156	643.206
8	157	652.588
8	158	661.897
8	159	671.229
8	160	680.798
8	161	690.953
8	162	700.65
8	163	710.514
8	164	719.955
8	165	729.367
8	166	739.019
8	167	748.941
8	168	758.97
8	169	769.553
8	170	779.459
8	171	789.691
8	172	799.92
8	173	810.184
8	174	820.715
8	175	830.983
8	176	841.497
8	177	851.981
8	178	862.418
8	179	873.241
8	180	884.14
8	181	894.922
8	182	905.923
8	183	917.084
8	184	927.949
8	185	939.259
8	186	950.308
8	187	961.333
8	188	972.799
8	189	984.351
8	190	996.121
8	191	1007.64
8	192	1019.15
8	193	1030.6
8	194	1042.47
8	195	1054.15
8	196	1066.3
8	197	1078.11
8	198	1090.38
8	199	1102.37
8	200	1114.61
8	201	1126.68
8	202	1139.95
8	203	1152.64
8	204	1165.37
8	205	1177.94
8	206	1190.51
8	207	1203.21
8	208	1216.29
8	209	1229.53
8	210	1242.34
8	211	1255.48
8	212	1268.86
8	213	1282.04
8	214	1295.51
8	215	1309.02
8	216	1322.47
8	217	1336.3
8	218	1349.88
8	219	1363.77
8	220	1377.9
8	221	1391.7
8	222	1405.52
8	223	1419.49
8	224	1433.45
8	225	1447.41
8	226	1461.81
8	227	1475.98
8	228	1490.17
8	229	1504.37
8	230	1518.72
8	231	1533.14
8	232	1547.91
8	233	1562.58
8	234	1577.57
8	235	1592.41
8	236	1607.54
8	237	1622.47
8	238	1637.64
8	239	1653.09
8	240	1668.79
8	241	1684.32
8	242	1700.12
8	243	1715.45
8	244	1731.24
8	245	1746.98
8	246	1762.79
8	247	1778.73
8	248	1794.8
8	249	1811.2
8	250	1827.61
8	251	1843.96
8	252	1860.43
8	253	1876.92
8	254	1893.39
8	255	1909.95
9	256	1926.74
9	257	1943.49
9	258	1960.48
9	259	1977.49
9	260	1994.51
9	261	2013.4
9	262	2030.43
9	263	2047.58
9	264	2065.03
9	265	2083.67
9	266	2101.11
9	267	2118.43
9	268	2136.18
9	269	2153.93
9	270	2171.69
9	271	2190.16
9	272	2208.07
9	273	2225.93
9	274	2244.15
9	275	2262.46
9	276	2281.05
9	277	2299.66
9	278	2318.33
9	279	2336.69
9	280	2355.26
9	281	2374
9	282	2392.87
9	283	2412.01
9	284	2430.98
9	285	2449.86
9	286	2469.38
9	287	2488.51
9	288	2507.64
9	289	2526.95
9	290	2546.53
9	291	2565.74
9	292	2585.38
9	293	2605.18
9	294	2624.89
9	295	2645
9	296	2665.01
9	297	2685
9	298	2705.2
9	299	2725.47
9	300	2745.63
9	301	2766.08
9	302	2786.7
9	303	2807.47
9	304	2828.38
9	305	2849.5
9	306	2870.46
9	307	2891.44
9	308	2912.58
9	309	2933.78
9	310	2955.01
9	311	2976.8
9	312	2998.04
9	313	3019.31
9	314	3040.9
9	315	3062.46
9	316	3084.14
9	317	3105.82
9	318	3127.77
9	319	3149.74
9	320	3171.94
9	321	3194.19
9	322	3216.61
9	323	3239.07
9	324	3261.43
9	325	3283.77
9	326	3306.37
9	327	3329.3
9	328	3351.98
9	329	3374.79
9	330	3398.26
9	331	3421.61
9	332	3444.93
9	333	3468.15
9	334	3491.62
9	335	3515.44
9	336	3538.86
9	337	3562.58
9	338	3586.19
9	339	3609.87
9	340	3633.95
9	341	3657.62
9	342	3681.6
9	343	3705.52
9	344	3729.82
9	345	3754.12
9	346	3778.3
9	347	3802.91
9	348	3827.56
9	349	3851.98
9	350	3876.91
9	351	3902.41
9	352	3927.29
9	353	3952.5
9	354	3977.62
9	355	4003.1
9	356	4028.4
9	357	4053.81
9	358	4079.25
9	359	4104.57
9	360	4130.18
9	361	4155.66
9	362	4181.54
9	363	4207.46
9	364	4233.51
9	365	4259.57
9	366	4285.81
9	367	4312.13
9	368	4338.62
9	369	4365.01
9	370	4391.72
9	371	4418.9
9	372	4446.12
9	373	4472.74
9	374	4499.95
9	375	4526.91
9	376	4554.05
9	377	4581.51
9	378	4609.89
9	379	4637.24
9	380	4664.51
9	381	4692.88
9	382	4720.29
9	383	4748.45
9	384	4776.19
9	385	4803.93
9	386	4832.21
9	387	4860.5
9	388	4889.13
9	389	4917.44
9	390	4946.08
9	391	4974.69
9	392	5003.45
9	393	5032.16
9	394	5061.08
9	395	5089.95
9	396	5119.05
9	397	5148.1
9	398	5177.51
9	399	5206.87
9	400	5236.91
9	401	5266.4
9	402	5296.33
9	403	5325.9
9	404	5355.94
9	405	5385.83
9	406	5415.68
9	407	5445.86
9	408	5476.02
9	409	5506.25
9	410	5536.65
9	411	5566.78
9	412	5597.15
9	413	5628.03
9	414	5658.92
9	415	5689.76
9	416	5721.08
9	417	5752.36
9	418	5783.54
9	419	5814.73
9	420	5845.93
9	421	5877.39
9	422	5909.44
9	423	5941.12
9	424	5972.82
9	425	6004.86
9	426	6036.9
9	427	6069.04
9	428	6101.42
9	429	6133.6
9	430	6166.03
9	431	6198.32
9	432	6230.91
9	433	6263.63
9	434	6296.34
9	435	6329.12
9	436	6362.18
9	437	6395.1
9	438	6428.38
9	439	6461.83
9	440	6495.21
9	441	6528.55
9	442	6562.36
9	443	6595.79
9	444	6629.73
9	445	6663.63
9	446	6697.88
9	447	6731.97
9	448	6766.28
9	449	6800.68
9	450	6835.19
9	451	6869.75
9	452	6904.36
9	453	6939.08
9	454	6973.68
9	455	7008.31
9	456	7043.57
9	457	7079.01
9	458	7114.41
9	459	7149.5
9	460	7184.95
9	461	7220.82
9	462	7256.63
9	463	7292.23
9	464	7327.96
9	465	7364.32
9	466	7400.26
9	467	7437.06
9	468	7473.55
9	469	7509.7
9	470	7546.33
9	471	7583.19
9	472	7620.24
9	473	7657.34
9	474	7694.59
9	475	7731.5
9	476	7768.7
9	477	7805.37
9	478	7843.11
9	479	7880.42
9	480	7918.13
9	481	7955.73
9	482	7993.38
9	483	8033.97
9	484	8071.83
9	485	8109.76
9	486	8148.03
9	487	8186.25
9	488	8224.66
9	489	8262.82
9	490	8301.91
9	491	8340.38
9	492	8379.03
9	493	8417.9
9	494	8457.13
9	495	8496.05
9	496	8535.13
9	497	8574.37
9	498	8613.73
9	499	8653.4
9	500	8693
9	501	8732.69
9	502	8772.57
9	503	8812.51
9	504	8852.44
9	505	8892.38
9	506	8932.22
9	507	8972.4
9	508	9012.9
9	509	9053.36
9	510	9093.93
9	511	9134.3
10	512	9175.05
10	513	9215.91
10	514	9257.02
10	515	9298.01
10	516	9339.23
10	517	9380.51
10	518	9421.89
10	519	9464.16
10	520	9506.16
10	521	9547.87
10	522	9589.86
10	523	9631.71
10	524	9673.99
10	525	9716.16
10	526	9758.29
10	527	9800.42
10	528	9843.03
10	529	9885.71
10	530	9928.38
10	531	9971.32
10	532	10014.1
10	533	10057.2
10	534	10100
10	535	10143.5
10	536	10186.7
10	537	10230
10	538	10273.7
10	539	10317.3
10	540	10361.3
10	541	10405.4
10	542	10449.3
10	543	10493.6
10	544	10537.8
10	545	10582
10	546	10626.4
10	547	10671
10	548	10715.6
10	549	10760.4
10	550	10805.9
10	551	10851.2
10	552	10896.6
10	553	10942.2
10	554	10987.8
10	555	11033.3
10	556	11079.5
10	557	11125.3
10	558	11171.4
10	559	11217.5
10	560	11263.4
10	561	11309.8
10	562	11356
10	563	11402.5
10	564	11449.2
10	565	11495.6
10	566	11542.2
10	567	11589.2
10	568	11636.6
10	569	11683.6
10	570	11731.2
10	571	11778.3
10	572	11826
10	573	11874.1
10	574	11922.1
10	575	11969.9
10	576	12017.7
10	577	12065.8
10	578	12114.2
10	579	12162.8
10	580	12211.2
10	581	12259.4
10	582	12308.1
10	583	12357.1
10	584	12406.1
10	585	12455.3
10	586	12504.4
10	587	12553.4
10	588	12602.7
10	589	12652.1
10	590	12701.5
10	591	12751.1
10	592	12801.1
10	593	12850.8
10	594	12900.7
10	595	12950.6
10	596	13000.9
10	597	13051.5
10	598	13101.9
10	599	13152.8
10	600	13203.3
10	601	13253.7
10	602	13304.5
10	603	13357
10	604	13408.3
10	605	13459.4
10	606	13510.8
10	607	13562.6
10	608	13614.2
10	609	13665.8
10	610	13717.9
10	611	13769.9
10	612	13821.9
10	613	13873.8
10	614	13926.9
10	615	13979.3
10	616	14031.8
10	617	14084.5
10	618	14137.2
10	619	14190.2
10	620	14243.3
10	621	14296.6
10	622	14350.1
10	623	14403.3
10	624	14456.7
10	625	14510.6
10	626	14564.6
10	627	14618.3
10	628	14672.3
10	629	14726.6
10	630	14781
10	631	14838.2
10	632	14892.9
10	633	14947.4
10	634	15002.2
10	635	15057
10	636	15112.2
10	637	15167.1
10	638	15222.3
10	639	15277.4
10	640	15333.1
10	641	15388.9
10	642	15444.2
10	643	15499.8
10	644	15555.7
10	645	15611.4
10	646	15667.7
10	647	15724
10	648	15780.2
10	649	15836.6
10	650	15893.1
10	651	15949.8
10	652	16006.7
10	653	16063.5
10	654	16120.6
10	655	16177.9
10	656	16235.3
10	657	16292.9
10	658	16350.6
10	659	16408.5
10	660	16466.9
10	661	16525.9
10	662	16584
10	663	16642.3
10	664	16700.7
10	665	16759.5
10	666	16818
10	667	16876.7
10	668	16935.4
10	669	16994
10	670	17052.7
10	671	17112.1
10	672	17171.1
10	673	17230.4
10	674	17290.1
10	675	17349.7
10	676	17409.4
10	677	17469.8
10	678	17533.4
10	679	17593.7
10	680	17654.3
10	681	17714.5
10	682	17775
10	683	17835.6
10	684	17896.2
10	685	17957.6
10	686	18018.6
10	687	18079.9
10	688	18141.3
10	689	18202.8
10	690	18264.4
10	691	18325.9
10	692	18388.1
10	693	18450.1
10	694	18512.1
10	695	18574.2
10	696	18636.4
10	697	18698.5
10	698	18761.1
10	699	18823.6
10	700	18886.4
10	701	18949.3
10	702	19012.6
10	703	19075.4
10	704	19139.1
10	705	19202.8
10	706	19266.1
10	707	19329.4
10	708	19393.4
10	709	19457.4
10	710	19521.6
10	711	19586
10	712	19650.5
10	713	19715
10	714	19779.8
10	715	19844.2
10	716	19909.2
10	717	19973.8
10	718	20038.6
10	719	20103.7
10	720	20168.9
10	721	20234.1
10	722	20299.6
10	723	20365.2
10	724	20431.5
10	725	20497.3
10	726	20563.5
10	727	20629.9
10	728	20695.9
10	729	20762.2
10	730	20828.6
10	731	20895.1
10	732	20961.8
10	733	21028.9
10	734	21096.1
10	735	21162.9
10	736	21230.2
10	737	21297.7
10	738	21365.2
10	739	21432.7
10	740	21500.3
10	741	21568.1
10	742	21636.1
10	743	21704.3
10	744	21772.8
10	745	21841.2
10	746	21909.7
10	747	21978.3
10	748	22046.9
10	749	22115.7
10	750	22184.9
10	751	22253.8
10	752	22323.7
10	753	22393.3
10	754	22463.3
10	755	22532.8
10	756	22602.3
10	757	22672.1
10	758	22742.6
10	759	22813.1
10	760	22883.5
10	761	22953.9
10	762	23024.5
10	763	23095
10	764	23165.8
10	765	23236.5
10	766	23307.3
10	767	23378.6
10	768	23450.2
10	769	23521.9
10	770	23593.7
10	771	23665.4
10	772	23736.8
10	773	23808.7
10	774	23881.2
10	775	23953.4
10	776	24025.9
10	777	24098.3
10	778	24171
10	779	24243.7
10	780	24316.5
10	781	24389.8
10	782	24463
10	783	24536.1
10	784	24609.5
10	785	24682.7
10	786	24756.4
10	787	24830.7
10	788	24904.8
10	789	24978.8
10	790	25053.1
10	791	25127.2
10	792	25202
10	793	25276.4
10	794	25351.2
10	795	25426.3
10	796	25501.3
10	797	25576.4
10	798	25651.6
10	799	25726.9
10	800	25802.6
10	801	25878.6
10	802	25954.6
10	803	26030.4
10	804	26106.8
10	805	26183
10	806	26259.7
10	807	26336.5
10	808	26413.4
10	809	26490.6
10	810	26567.5
10	811	26644.6
10	812	26721.8
10	813	26798.7
10	814	26876.5
10	815	26954.1
10	816	27032.1
10	817	27109.5
10	818	27187.9
10	819	27265.8
10	820	27347.2
10	821	27426
10	822	27504.6
10	823	27583
10	824	27662.1
10	825	27740.6
10	826	27819.4
10	827	27898.6
10	828	27977.8
10	829	28057
10	830	28136.4
10	831	28215.7
10	832	28295.4
10	833	28375.1
10	834	28455
10	835	28535.1
10	836	28615.5
10	837	28696.3
10	838	28777.1
10	839	28857.9
10	840	28939
10	841	29019.9
10	842	29101.2
10	843	29182.3
10	844	29263.8
10	845	29345.1
10	846	29426.9
10	847	29508.7
10	848	29591.3
10	849	29673.5
10	850	29755.8
10	851	29838
10	852	29921
10	853	30003.8
10	854	30086.8
10	855	30169.6
10	856	30252.7
10	857	30336.2
10	858	30419.6
10	859	30503.1
10	860	30586.8
10	861	30670.4
10	862	30754.5
10	863	30838.4
10	864	30923
10	865	31007.3
10	866	31091.9
10	867	31176.4
10	868	31261.1
10	869	31346
10	870	31431.1
10	871	31516.4
10	872	31602
10	873	31687.5
10	874	31773.4
10	875	31858.9
10	876	31945.3
10	877	32031.3
10	878	32117.8
10	879	32203.8
10	880	32290.6
10	881	32377.1
10	882	32464
10	883	32550.7
10	884	32638
10	885	32725
10	886	32812.6
10	887	32900
10	888	32988
10	889	33076
10	890	33163.9
10	891	33252.4
10	892	33340.8
10	893	33429.1
10	894	33517.8
10	895	33606.2
10	896	33695.2
10	897	33784.1
10	898	33873.4
10	899	33962.9
10	900	34052.4
10	901	34141.8
10	902	34232.7
10	903	34322.5
10	904	34412.5
10	905	34502.6
10	906	34592.8
10	907	34683
10	908	34773.5
10	909	34864
10	910	34954.9
10	911	35045.7
10	912	35137.2
10	913	35228.4
10	914	35319.8
10	915	35411.2
10	916	35503.2
10	917	35594.8
10	918	35687
10	919	35779
10	920	35871.3
10	921	35963.7
10	922	36056.5
10	923	36149.2
10	924	36242.4
10	925	36335.4
10	926	36428.9
10	927	36522.3
10	928	36615.6
10	929	36709.1
10	930	36802.8
10	931	36896.8
10	932	36990.9
10	933	37085.1
10	934	37180
10	935	37274.7
10	936	37369.7
10	937	37464.3
10	938	37559.3
10	939	37654.3
10	940	37749.6
10	941	37845
10	942	37940.7
10	943	38036.5
10	944	38132.6
10	945	38228.3
10	946	38324.5
10	947	38420.5
10	948	38517
10	949	38613.6
10	950	38710.5
10	951	38807.4
10	952	38904.6
10	953	39002.2
10	954	39099.8
10	955	39197.3
10	956	39294.9
10	957	39392.6
10	958	39490.6
10	959	39588.6
10	960	39686.6
10	961	39785.9
10	962	39884.8
10	963	39983.9
10	964	40082.9
10	965	40181.9
10	966	40281.1
10	967	40380.3
10	968	40479.9
10	969	40579.3
10	970	40678.9
10	971	40778.7
10	972	40878.6
10	973	40978.7
10	974	41079.1
10	975	41179.7
10	976	41280.4
10	977	41380.8
10	978	41481.7
10	979	41582.6
10	980	41683.7
10	981	41785.3
10	982	41887
10	983	41989
10	984	42090.8
10	985	42193.7
10	986	42297.4
10	987	42400.4
10	988	42503.2
10	989	42606.2
10	990	42709.6
10	991	42813.1
10	992	42916.8
10	993	43020.5
10	994	43124.2
10	995	43227.8
10	996	43331.7
10	997	43435.7
10	998	43539.9
10	999	43643.7
10	1000	43748.4
